Thu Nov 16 17:50:24 2023

        Time,     Integral,       Moment,            M,      M(Mass), Tsample(Aver),      Tsample,     Tcontrol,         Tset,    1/Tsample,            H
           s,           Vs,          emu,     emu/cm^3,        emu/g,            K,            K,            K,            K,          1/K,            T

         6:0          6:0          6:0          6:0          6:0          6:0          6:0          6:0          6:0          6:0          6:0 
7.610156E+01 2.333943E-05 1.089892E-01 4.560218E+02 5.116864E+01 2.934000E+02 2.934000E+02 2.934000E+02          --- 3.408316E-03 9.987000E-01 
1.289219E+02 2.339221E-05 1.092357E-01 4.570530E+02 5.128435E+01 2.934000E+02 2.934000E+02 2.934000E+02          --- 3.408316E-03 9.514000E-01 
1.821406E+02 2.341256E-05 1.093307E-01 4.574505E+02 5.132895E+01 2.934000E+02 2.934000E+02 2.934000E+02          --- 3.408316E-03 9.012000E-01 
2.339609E+02 2.286166E-05 1.067581E-01 4.466867E+02 5.012119E+01 2.934000E+02 2.934000E+02 2.934000E+02          --- 3.408316E-03 8.512000E-01 
2.863906E+02 2.306179E-05 1.076927E-01 4.505969E+02 5.055993E+01 2.934000E+02 2.934000E+02 2.934000E+02          --- 3.408316E-03 8.010000E-01 
3.396211E+02 2.270391E-05 1.060215E-01 4.436045E+02 4.977535E+01 2.934000E+02 2.934000E+02 2.934000E+02          --- 3.408316E-03 7.509000E-01 
3.932500E+02 2.260545E-05 1.055617E-01 4.416808E+02 4.955948E+01 2.934000E+02 2.934000E+02 2.934000E+02          --- 3.408316E-03 7.008000E-01 
4.472617E+02 2.198441E-05 1.026616E-01 4.295464E+02 4.819793E+01 2.934000E+02 2.934000E+02 2.934000E+02          --- 3.408316E-03 6.508000E-01 
5.030898E+02 2.183009E-05 1.019410E-01 4.265313E+02 4.785961E+01 2.934000E+02 2.934000E+02 2.934000E+02          --- 3.408316E-03 6.006000E-01 
5.590820E+02 2.086398E-05 9.742947E-02 4.076547E+02 4.574154E+01 2.934000E+02 2.934000E+02 2.934000E+02          --- 3.408316E-03 5.506000E-01 
6.165117E+02 2.024790E-05 9.455253E-02 3.956173E+02 4.439086E+01 2.934000E+02 2.934000E+02 2.934000E+02          --- 3.408316E-03 5.005000E-01 
6.741602E+02 1.941943E-05 9.068378E-02 3.794300E+02 4.257454E+01 2.934000E+02 2.934000E+02 2.934000E+02          --- 3.408316E-03 4.505000E-01 
7.326328E+02 1.809559E-05 8.450181E-02 3.535640E+02 3.967221E+01 2.934000E+02 2.934000E+02 2.934000E+02          --- 3.408316E-03 4.004000E-01 
7.928828E+02 1.690903E-05 7.896087E-02 3.303802E+02 3.707083E+01 2.934000E+02 2.934000E+02 2.934000E+02          --- 3.408316E-03 3.503000E-01 
8.551094E+02 1.545552E-05 7.217335E-02 3.019806E+02 3.388420E+01 2.934000E+02 2.934000E+02 2.934000E+02          --- 3.408316E-03 3.002000E-01 
9.179297E+02 1.389917E-05 6.490557E-02 2.715714E+02 3.047210E+01 2.934000E+02 2.934000E+02 2.934000E+02          --- 3.408316E-03 2.502000E-01 
9.837422E+02 1.193180E-05 5.571844E-02 2.331316E+02 2.615889E+01 2.934000E+02 2.934000E+02 2.934000E+02          --- 3.408316E-03 2.001000E-01 
1.054172E+03 9.739224E-06 4.547969E-02 1.902916E+02 2.135197E+01 2.934000E+02 2.934000E+02 2.934000E+02          --- 3.408316E-03 1.501000E-01 
1.126602E+03 7.332204E-06 3.423952E-02 1.432616E+02 1.607489E+01 2.934000E+02 2.934000E+02 2.934000E+02          --- 3.408316E-03 1.000000E-01 
1.204832E+03 4.641098E-06 2.167274E-02 9.068094E+01 1.017500E+01 2.934000E+02 2.934000E+02 2.934000E+02          --- 3.408316E-03 5.000000E-02 
1.307043E+03 1.143092E-06 5.337949E-03 2.233451E+01 2.506079E+00 2.934000E+02 2.934000E+02 2.934000E+02          --- 3.408316E-03 0.000000E+00 
1.384281E+03 -4.081257E-06 -1.905843E-02 -7.974237E+01 -8.947619E+00 2.934000E+02 2.934000E+02 2.934000E+02          --- 3.408316E-03 -5.000000E-02 
1.457508E+03 -7.754131E-06 -3.620982E-02 -1.515055E+02 -1.699991E+01 2.934000E+02 2.934000E+02 2.934000E+02          --- 3.408316E-03 -1.000000E-01 
1.526570E+03 -1.023962E-05 -4.781644E-02 -2.000688E+02 -2.244903E+01 2.934000E+02 2.934000E+02 2.934000E+02          --- 3.408316E-03 -1.500000E-01 
1.591992E+03 -1.263600E-05 -5.900690E-02 -2.468908E+02 -2.770277E+01 2.934000E+02 2.934000E+02 2.934000E+02          --- 3.408316E-03 -1.998000E-01 
1.656211E+03 -1.439498E-05 -6.722088E-02 -2.812589E+02 -3.155910E+01 2.934000E+02 2.934000E+02 2.934000E+02          --- 3.408316E-03 -2.498000E-01 
1.717039E+03 -1.624517E-05 -7.586080E-02 -3.174092E+02 -3.561540E+01 2.934000E+02 2.934000E+02 2.934000E+02          --- 3.408316E-03 -2.998000E-01 
1.777852E+03 -1.785549E-05 -8.338060E-02 -3.488728E+02 -3.914582E+01 2.934000E+02 2.934000E+02 2.934000E+02          --- 3.408316E-03 -3.497000E-01 
1.835875E+03 -1.894167E-05 -8.845279E-02 -3.700954E+02 -4.152713E+01 2.934000E+02 2.934000E+02 2.934000E+02          --- 3.408316E-03 -3.996000E-01 
1.893078E+03 -2.050276E-05 -9.574264E-02 -4.005968E+02 -4.494960E+01 2.934000E+02 2.934000E+02 2.934000E+02          --- 3.408316E-03 -4.496000E-01 
1.950102E+03 -2.097830E-05 -9.796330E-02 -4.098883E+02 -4.599216E+01 2.934000E+02 2.934000E+02 2.934000E+02          --- 3.408316E-03 -4.994000E-01 
2.005320E+03 -2.187382E-05 -1.021451E-01 -4.273856E+02 -4.795547E+01 2.934000E+02 2.934000E+02 2.934000E+02          --- 3.408316E-03 -5.494000E-01 
2.058953E+03 -2.268060E-05 -1.059126E-01 -4.431490E+02 -4.972423E+01 2.934000E+02 2.934000E+02 2.934000E+02          --- 3.408316E-03 -5.994000E-01 
2.112562E+03 -2.327977E-05 -1.087106E-01 -4.548561E+02 -5.103784E+01 2.934000E+02 2.934000E+02 2.934000E+02          --- 3.408316E-03 -6.493000E-01 
2.165391E+03 -2.375432E-05 -1.109266E-01 -4.641281E+02 -5.207823E+01 2.934000E+02 2.934000E+02 2.934000E+02          --- 3.408316E-03 -6.992000E-01 
2.218211E+03 -2.382049E-05 -1.112356E-01 -4.654210E+02 -5.222330E+01 2.934000E+02 2.934000E+02 2.934000E+02          --- 3.408316E-03 -7.492000E-01 
2.269828E+03 -2.398100E-05 -1.119851E-01 -4.685571E+02 -5.257518E+01 2.934000E+02 2.934000E+02 2.934000E+02          --- 3.408316E-03 -7.990000E-01 
2.320242E+03 -2.427680E-05 -1.133665E-01 -4.743367E+02 -5.322369E+01 2.934000E+02 2.934000E+02 2.934000E+02          --- 3.408316E-03 -8.490000E-01 
2.370859E+03 -2.413981E-05 -1.127268E-01 -4.716602E+02 -5.292337E+01 2.934000E+02 2.934000E+02 2.934000E+02          --- 3.408316E-03 -8.989000E-01 
2.420891E+03 -2.441663E-05 -1.140194E-01 -4.770687E+02 -5.353024E+01 2.934000E+02 2.934000E+02 2.934000E+02          --- 3.408316E-03 -9.488000E-01 
2.470305E+03 -2.441536E-05 -1.140135E-01 -4.770439E+02 -5.352746E+01 2.934000E+02 2.934000E+02 2.934000E+02          --- 3.408316E-03 -9.987000E-01 
2.524914E+03 -2.456978E-05 -1.147346E-01 -4.800612E+02 -5.386602E+01 2.934000E+02 2.934000E+02 2.934000E+02          --- 3.408316E-03 -9.514000E-01 
2.578125E+03 -2.463661E-05 -1.150467E-01 -4.813669E+02 -5.401253E+01 2.934000E+02 2.934000E+02 2.934000E+02          --- 3.408316E-03 -9.012000E-01 
2.631742E+03 -2.438144E-05 -1.138551E-01 -4.763812E+02 -5.345311E+01 2.934000E+02 2.934000E+02 2.934000E+02          --- 3.408316E-03 -8.510000E-01 
2.684961E+03 -2.397063E-05 -1.119367E-01 -4.683544E+02 -5.255244E+01 2.934000E+02 2.934000E+02 2.934000E+02          --- 3.408316E-03 -8.010000E-01 
2.737773E+03 -2.384600E-05 -1.113547E-01 -4.659193E+02 -5.227921E+01 2.934000E+02 2.934000E+02 2.934000E+02          --- 3.408316E-03 -7.510000E-01 
2.791188E+03 -2.361872E-05 -1.102934E-01 -4.614787E+02 -5.178094E+01 2.934000E+02 2.934000E+02 2.934000E+02          --- 3.408316E-03 -7.008000E-01 
2.845812E+03 -2.301480E-05 -1.074733E-01 -4.496789E+02 -5.045693E+01 2.934000E+02 2.934000E+02 2.934000E+02          --- 3.408316E-03 -6.508000E-01 
2.900828E+03 -2.263755E-05 -1.057116E-01 -4.423079E+02 -4.962986E+01 2.934000E+02 2.934000E+02 2.934000E+02          --- 3.408316E-03 -6.008000E-01 
2.956258E+03 -2.207739E-05 -1.030958E-01 -4.313631E+02 -4.840177E+01 2.934000E+02 2.934000E+02 2.934000E+02          --- 3.408316E-03 -5.506000E-01 
3.012883E+03 -2.116661E-05 -9.884269E-02 -4.135677E+02 -4.640502E+01 2.934000E+02 2.934000E+02 2.934000E+02          --- 3.408316E-03 -5.006000E-01 
3.070898E+03 -2.018062E-05 -9.423836E-02 -3.943028E+02 -4.424336E+01 2.934000E+02 2.934000E+02 2.934000E+02          --- 3.408316E-03 -4.504000E-01 
3.129711E+03 -1.922666E-05 -8.978358E-02 -3.756635E+02 -4.215192E+01 2.934000E+02 2.934000E+02 2.934000E+02          --- 3.408316E-03 -4.004000E-01 
3.189922E+03 -1.784257E-05 -8.332024E-02 -3.486203E+02 -3.911748E+01 2.934000E+02 2.934000E+02 2.934000E+02          --- 3.408316E-03 -3.504000E-01 
3.251344E+03 -1.631096E-05 -7.616803E-02 -3.186947E+02 -3.575964E+01 2.934000E+02 2.934000E+02 2.934000E+02          --- 3.408316E-03 -3.002000E-01 
3.314773E+03 -1.471422E-05 -6.871166E-02 -2.874965E+02 -3.225900E+01 2.934000E+02 2.934000E+02 2.934000E+02          --- 3.408316E-03 -2.502000E-01 
3.379383E+03 -1.310236E-05 -6.118469E-02 -2.560029E+02 -2.872521E+01 2.934000E+02 2.934000E+02 2.934000E+02          --- 3.408316E-03 -2.001000E-01 
3.448625E+03 -1.087067E-05 -5.076327E-02 -2.123986E+02 -2.383252E+01 2.934000E+02 2.934000E+02 2.934000E+02          --- 3.408316E-03 -1.500000E-01 
3.520039E+03 -8.523900E-06 -3.980444E-02 -1.665458E+02 -1.868753E+01 2.934000E+02 2.934000E+02 2.934000E+02          --- 3.408316E-03 -1.000000E-01 
3.597062E+03 -5.871143E-06 -2.741674E-02 -1.147144E+02 -1.287171E+01 2.934000E+02 2.934000E+02 2.934000E+02          --- 3.408316E-03 -5.000000E-02 
3.699203E+03 -1.948204E-06 -9.097616E-03 -3.806534E+01 -4.271181E+00 2.934000E+02 2.934000E+02 2.934000E+02          --- 3.408316E-03 0.000000E+00 
3.776250E+03 2.924071E-06 1.365467E-02 5.713250E+01 6.410642E+00 2.934000E+02 2.934000E+02 2.934000E+02          --- 3.408316E-03 5.000000E-02 
3.848664E+03 7.004135E-06 3.270752E-02 1.368516E+02 1.535564E+01 2.934000E+02 2.934000E+02 2.934000E+02          --- 3.408316E-03 1.000000E-01 
3.917102E+03 9.545719E-06 4.457608E-02 1.865108E+02 2.092773E+01 2.934000E+02 2.934000E+02 2.934000E+02          --- 3.408316E-03 1.499000E-01 
3.984719E+03 1.149060E-05 5.365818E-02 2.245112E+02 2.519163E+01 2.934000E+02 2.934000E+02 2.934000E+02          --- 3.408316E-03 1.998000E-01 
4.047750E+03 1.374702E-05 6.419508E-02 2.685986E+02 3.013853E+01 2.934000E+02 2.934000E+02 2.934000E+02          --- 3.408316E-03 2.498000E-01 
4.109375E+03 1.510528E-05 7.053779E-02 2.951372E+02 3.311633E+01 2.934000E+02 2.934000E+02 2.934000E+02          --- 3.408316E-03 2.998000E-01 
4.169992E+03 1.665510E-05 7.777506E-02 3.254186E+02 3.651411E+01 2.934000E+02 2.934000E+02 2.934000E+02          --- 3.408316E-03 3.497000E-01 
4.229219E+03 1.813563E-05 8.468878E-02 3.543464E+02 3.975999E+01 2.934000E+02 2.934000E+02 2.934000E+02          --- 3.408316E-03 3.996000E-01 
4.286844E+03 1.910840E-05 8.923137E-02 3.733530E+02 4.189266E+01 2.934000E+02 2.934000E+02 2.934000E+02          --- 3.408316E-03 4.496000E-01 
4.342469E+03 2.015389E-05 9.411350E-02 3.937804E+02 4.418474E+01 2.934000E+02 2.934000E+02 2.934000E+02          --- 3.408316E-03 4.996000E-01 
4.397891E+03 2.073587E-05 9.683123E-02 4.051516E+02 4.546067E+01 2.934000E+02 2.934000E+02 2.934000E+02          --- 3.408316E-03 5.494000E-01 
4.451328E+03 2.173218E-05 1.014837E-01 4.246181E+02 4.764494E+01 2.934000E+02 2.934000E+02 2.934000E+02          --- 3.408316E-03 5.994000E-01 
4.504734E+03 2.218238E-05 1.035861E-01 4.334145E+02 4.863196E+01 2.934000E+02 2.934000E+02 2.934000E+02          --- 3.408316E-03 6.493000E-01 
4.557164E+03 2.216789E-05 1.035184E-01 4.331313E+02 4.860017E+01 2.934000E+02 2.934000E+02 2.934000E+02          --- 3.408316E-03 6.992000E-01 
4.608172E+03 2.274845E-05 1.062294E-01 4.444747E+02 4.987298E+01 2.934000E+02 2.934000E+02 2.934000E+02          --- 3.408316E-03 7.492000E-01 
4.659805E+03 2.253030E-05 1.052108E-01 4.402124E+02 4.939472E+01 2.934000E+02 2.934000E+02 2.934000E+02          --- 3.408316E-03 7.992000E-01 
4.711219E+03 2.292216E-05 1.070406E-01 4.478688E+02 5.025382E+01 2.934000E+02 2.934000E+02 2.934000E+02          --- 3.408316E-03 8.490000E-01 
4.761031E+03 2.272652E-05 1.061271E-01 4.440463E+02 4.982491E+01 2.934000E+02 2.934000E+02 2.934000E+02          --- 3.408316E-03 8.990000E-01 
4.810453E+03 2.267085E-05 1.058671E-01 4.429585E+02 4.970285E+01 2.934000E+02 2.934000E+02 2.934000E+02          --- 3.408316E-03 9.488000E-01 
4.860062E+03 2.294229E-05 1.071346E-01 4.482621E+02 5.029795E+01 2.934000E+02 2.934000E+02 2.934000E+02          --- 3.408316E-03 9.988000E-01 
