Tue Jun 11 15:32:07 2024

        Time,      Tsample,     Integral,       Moment,            M,      M(Mass), Tsample(Aver),            H
           s,            K,           Vs,          emu,     emu/cm^3,        emu/g,            K,            T

         6:0          6:0          6:0          6:0          6:0          6:0          6:0          6:0 
6.730078E+01 2.989000E+02 -1.279196E-06 -5.949881E-03 4.416045E-05 4.416045E-02 2.989000E+02 0.000000E+00 
1.626484E+02 2.989000E+02 5.003371E-06 2.327202E-02 4.416045E-05 4.416045E-02 2.989000E+02 2.500000E-02 
2.338711E+02 2.989000E+02 1.372676E-05 6.384684E-02 4.416045E-05 4.416045E-02 2.989000E+02 4.990000E-02 
3.016914E+02 2.989000E+02 2.164223E-05 1.006638E-01 4.416045E-05 4.416045E-02 2.989000E+02 7.490000E-02 
3.645117E+02 2.989000E+02 2.943905E-05 1.369289E-01 4.416045E-05 4.416045E-02 2.989000E+02 9.980000E-02 
4.227188E+02 2.989000E+02 3.668436E-05 1.706288E-01 4.416045E-05 4.416045E-02 2.989000E+02 1.248000E-01 
4.801484E+02 2.989000E+02 4.524104E-05 2.104282E-01 4.416045E-05 4.416045E-02 2.989000E+02 1.498000E-01 
5.355703E+02 2.989000E+02 5.342145E-05 2.484775E-01 4.416045E-05 4.416045E-02 2.989000E+02 1.747000E-01 
5.899688E+02 2.989000E+02 6.164085E-05 2.867081E-01 4.416045E-05 4.416045E-02 2.989000E+02 1.997000E-01 
6.420000E+02 2.989000E+02 7.046270E-05 3.277409E-01 4.416045E-05 4.416045E-02 2.989000E+02 2.246000E-01 
6.930000E+02 2.989000E+02 7.884224E-05 3.667164E-01 4.416045E-05 4.416045E-02 2.989000E+02 2.496000E-01 
7.426484E+02 2.989000E+02 8.894851E-05 4.137234E-01 4.416045E-05 4.416045E-02 2.989000E+02 2.746000E-01 
7.922617E+02 2.989000E+02 9.957544E-05 4.631521E-01 4.416045E-05 4.416045E-02 2.989000E+02 2.996000E-01 
8.580898E+02 2.989000E+02 1.699310E-04 7.903945E-01 4.416045E-05 4.416045E-02 2.989000E+02 4.492000E-01 
9.205312E+02 2.989000E+02 2.464425E-04 1.146270E+00 4.416045E-05 4.416045E-02 2.989000E+02 5.990000E-01 
9.799609E+02 2.989000E+02 3.116082E-04 1.449373E+00 4.416045E-05 4.416045E-02 2.989000E+02 7.487000E-01 
1.038371E+03 2.989000E+02 3.450964E-04 1.605136E+00 4.416045E-05 4.416045E-02 2.989000E+02 8.986000E-01 
1.096000E+03 2.989000E+02 3.718706E-04 1.729670E+00 4.416045E-05 4.416045E-02 2.989000E+02 1.048100E+00 
1.151629E+03 2.989000E+02 3.977809E-04 1.850185E+00 4.416045E-05 4.416045E-02 2.989000E+02 1.198000E+00 
1.211230E+03 2.989000E+02 3.736755E-04 1.738065E+00 4.416045E-05 4.416045E-02 2.989000E+02 1.051900E+00 
1.269871E+03 2.989000E+02 3.462482E-04 1.610493E+00 4.416045E-05 4.416045E-02 2.989000E+02 9.016000E-01 
1.328898E+03 2.989000E+02 3.195494E-04 1.486310E+00 4.416045E-05 4.416045E-02 2.989000E+02 7.512000E-01 
1.390320E+03 2.989000E+02 2.853785E-04 1.327372E+00 4.416045E-05 4.416045E-02 2.989000E+02 6.009000E-01 
1.453770E+03 2.989000E+02 2.567436E-04 1.194184E+00 4.416045E-05 4.416045E-02 2.989000E+02 4.506000E-01 
1.521191E+03 2.989000E+02 2.167522E-04 1.008173E+00 4.416045E-05 4.416045E-02 2.989000E+02 3.004000E-01 
1.569410E+03 2.989000E+02 2.139537E-04 9.951561E-01 4.416045E-05 4.416045E-02 2.989000E+02 2.753000E-01 
1.618430E+03 2.989000E+02 2.085362E-04 9.699578E-01 4.416045E-05 4.416045E-02 2.989000E+02 2.503000E-01 
1.669641E+03 2.989000E+02 2.023870E-04 9.413562E-01 4.416045E-05 4.416045E-02 2.989000E+02 2.253000E-01 
1.722469E+03 2.989000E+02 1.949503E-04 9.067660E-01 4.416045E-05 4.416045E-02 2.989000E+02 2.002000E-01 
1.775879E+03 2.989000E+02 1.900884E-04 8.841522E-01 4.416045E-05 4.416045E-02 2.989000E+02 1.752000E-01 
1.831320E+03 2.989000E+02 1.836674E-04 8.542864E-01 4.416045E-05 4.416045E-02 2.989000E+02 1.502000E-01 
1.887141E+03 2.989000E+02 1.767129E-04 8.219393E-01 4.416045E-05 4.416045E-02 2.989000E+02 1.252000E-01 
1.945762E+03 2.989000E+02 1.707653E-04 7.942750E-01 4.416045E-05 4.416045E-02 2.989000E+02 1.001000E-01 
2.007992E+03 2.989000E+02 1.609498E-04 7.486205E-01 4.416045E-05 4.416045E-02 2.989000E+02 7.500000E-02 
2.072621E+03 2.989000E+02 1.567541E-04 7.291054E-01 4.416045E-05 4.416045E-02 2.989000E+02 5.000000E-02 
2.143070E+03 2.989000E+02 1.481789E-04 6.892196E-01 4.416045E-05 4.416045E-02 2.989000E+02 2.500000E-02 
2.233699E+03 2.989000E+02 1.420175E-04 6.605613E-01 4.416045E-05 4.416045E-02 2.989000E+02 0.000000E+00 
2.305520E+03 2.989000E+02 1.326655E-04 6.170628E-01 4.416045E-05 4.416045E-02 2.989000E+02 -2.500000E-02 
2.370359E+03 2.989000E+02 1.246005E-04 5.795504E-01 4.416045E-05 4.416045E-02 2.989000E+02 -5.000000E-02 
2.433180E+03 2.989000E+02 1.164450E-04 5.416167E-01 4.416045E-05 4.416045E-02 2.989000E+02 -7.500000E-02 
2.491590E+03 2.989000E+02 1.092656E-04 5.082236E-01 4.416045E-05 4.416045E-02 2.989000E+02 -9.990000E-02 
2.547809E+03 2.989000E+02 1.001294E-04 4.657288E-01 4.416045E-05 4.416045E-02 2.989000E+02 -1.248000E-01 
2.603648E+03 2.989000E+02 9.206262E-05 4.282079E-01 4.416045E-05 4.416045E-02 2.989000E+02 -1.498000E-01 
2.657082E+03 2.989000E+02 8.227270E-05 3.826724E-01 4.416045E-05 4.416045E-02 2.989000E+02 -1.748000E-01 
2.708680E+03 2.989000E+02 7.197300E-05 3.347657E-01 4.416045E-05 4.416045E-02 2.989000E+02 -1.997000E-01 
2.760090E+03 2.989000E+02 6.118398E-05 2.845831E-01 4.416045E-05 4.416045E-02 2.989000E+02 -2.247000E-01 
2.809930E+03 2.989000E+02 5.021892E-05 2.335816E-01 4.416045E-05 4.416045E-02 2.989000E+02 -2.497000E-01 
2.859730E+03 2.989000E+02 3.728229E-05 1.734099E-01 4.416045E-05 4.416045E-02 2.989000E+02 -2.746000E-01 
2.907352E+03 2.989000E+02 2.369435E-05 1.102088E-01 4.416045E-05 4.416045E-02 2.989000E+02 -2.996000E-01 
2.971551E+03 2.989000E+02 -8.372919E-05 -3.894469E-01 4.416045E-05 4.416045E-02 2.989000E+02 -4.494000E-01 
3.030969E+03 2.989000E+02 -2.155631E-04 -1.002642E+00 4.416045E-05 4.416045E-02 2.989000E+02 -5.992000E-01 
3.089410E+03 2.989000E+02 -3.001567E-04 -1.396109E+00 4.416045E-05 4.416045E-02 2.989000E+02 -7.488000E-01 
3.145629E+03 2.989000E+02 -3.428434E-04 -1.594657E+00 4.416045E-05 4.416045E-02 2.989000E+02 -8.986000E-01 
3.201449E+03 2.989000E+02 -3.709360E-04 -1.725323E+00 4.416045E-05 4.416045E-02 2.989000E+02 -1.048200E+00 
3.255871E+03 2.989000E+02 -3.954580E-04 -1.839381E+00 4.416045E-05 4.416045E-02 2.989000E+02 -1.197800E+00 
3.315512E+03 2.989000E+02 -3.707744E-04 -1.724571E+00 4.416045E-05 4.416045E-02 2.989000E+02 -1.052000E+00 
3.373711E+03 2.989000E+02 -3.445794E-04 -1.602731E+00 4.416045E-05 4.416045E-02 2.989000E+02 -9.016000E-01 
3.433352E+03 2.989000E+02 -3.161679E-04 -1.470582E+00 4.416045E-05 4.416045E-02 2.989000E+02 -7.512000E-01 
3.493359E+03 2.989000E+02 -2.873677E-04 -1.336624E+00 4.416045E-05 4.416045E-02 2.989000E+02 -6.010000E-01 
3.556789E+03 2.989000E+02 -2.539175E-04 -1.181039E+00 4.416045E-05 4.416045E-02 2.989000E+02 -4.506000E-01 
3.623809E+03 2.989000E+02 -2.192484E-04 -1.019783E+00 4.416045E-05 4.416045E-02 2.989000E+02 -3.003000E-01 
3.672832E+03 2.989000E+02 -2.135401E-04 -9.932320E-01 4.416045E-05 4.416045E-02 2.989000E+02 -2.753000E-01 
3.721641E+03 2.989000E+02 -2.075352E-04 -9.653020E-01 4.416045E-05 4.416045E-02 2.989000E+02 -2.504000E-01 
3.771852E+03 2.989000E+02 -2.012257E-04 -9.359549E-01 4.416045E-05 4.416045E-02 2.989000E+02 -2.253000E-01 
3.822680E+03 2.989000E+02 -1.951260E-04 -9.075832E-01 4.416045E-05 4.416045E-02 2.989000E+02 -2.002000E-01 
3.875102E+03 2.989000E+02 -1.890129E-04 -8.791495E-01 4.416045E-05 4.416045E-02 2.989000E+02 -1.752000E-01 
3.930910E+03 2.989000E+02 -1.820507E-04 -8.467668E-01 4.416045E-05 4.416045E-02 2.989000E+02 -1.502000E-01 
3.987340E+03 2.989000E+02 -1.755304E-04 -8.164388E-01 4.416045E-05 4.416045E-02 2.989000E+02 -1.252000E-01 
4.045160E+03 2.989000E+02 -1.685350E-04 -7.839012E-01 4.416045E-05 4.416045E-02 2.989000E+02 -1.001000E-01 
4.107590E+03 2.989000E+02 -1.619436E-04 -7.532433E-01 4.416045E-05 4.416045E-02 2.989000E+02 -7.500000E-02 
4.171199E+03 2.989000E+02 -1.550587E-04 -7.212198E-01 4.416045E-05 4.416045E-02 2.989000E+02 -5.000000E-02 
4.242020E+03 2.989000E+02 -1.479261E-04 -6.880441E-01 4.416045E-05 4.416045E-02 2.989000E+02 -2.500000E-02 
4.333910E+03 2.989000E+02 -1.396269E-04 -6.494422E-01 4.416045E-05 4.416045E-02 2.989000E+02 0.000000E+00 
4.405320E+03 2.989000E+02 -1.313231E-04 -6.108188E-01 4.416045E-05 4.416045E-02 2.989000E+02 2.500000E-02 
4.469332E+03 2.989000E+02 -1.220695E-04 -5.677778E-01 4.416045E-05 4.416045E-02 2.989000E+02 5.000000E-02 
4.532148E+03 2.989000E+02 -1.151312E-04 -5.355063E-01 4.416045E-05 4.416045E-02 2.989000E+02 7.500000E-02 
4.591160E+03 2.989000E+02 -1.052565E-04 -4.895761E-01 4.416045E-05 4.416045E-02 2.989000E+02 9.990000E-02 
4.646980E+03 2.989000E+02 -9.779866E-05 -4.548878E-01 4.416045E-05 4.416045E-02 2.989000E+02 1.248000E-01 
4.703020E+03 2.989000E+02 -8.948792E-05 -4.162323E-01 4.416045E-05 4.416045E-02 2.989000E+02 1.498000E-01 
4.756230E+03 2.989000E+02 -8.063027E-05 -3.750330E-01 4.416045E-05 4.416045E-02 2.989000E+02 1.748000E-01 
4.809641E+03 2.989000E+02 -7.036261E-05 -3.272754E-01 4.416045E-05 4.416045E-02 2.989000E+02 1.998000E-01 
4.860480E+03 2.989000E+02 -6.005543E-05 -2.793339E-01 4.416045E-05 4.416045E-02 2.989000E+02 2.248000E-01 
4.910281E+03 2.989000E+02 -4.790974E-05 -2.228410E-01 4.416045E-05 4.416045E-02 2.989000E+02 2.496000E-01 
4.959301E+03 2.989000E+02 -3.552347E-05 -1.652292E-01 4.416045E-05 4.416045E-02 2.989000E+02 2.746000E-01 
5.007719E+03 2.989000E+02 -2.151197E-05 -1.000579E-01 4.416045E-05 4.416045E-02 2.989000E+02 2.996000E-01 
5.070551E+03 2.989000E+02 8.540693E-05 3.972505E-01 4.416045E-05 4.416045E-02 2.989000E+02 4.494000E-01 
5.131371E+03 2.989000E+02 2.166691E-04 1.007786E+00 4.416045E-05 4.416045E-02 2.989000E+02 5.992000E-01 
5.188980E+03 2.989000E+02 3.009331E-04 1.399720E+00 4.416045E-05 4.416045E-02 2.989000E+02 7.489000E-01 
5.245398E+03 2.989000E+02 3.449856E-04 1.604621E+00 4.416045E-05 4.416045E-02 2.989000E+02 8.986000E-01 
5.300410E+03 2.989000E+02 3.729755E-04 1.734809E+00 4.416045E-05 4.416045E-02 2.989000E+02 1.048400E+00 
5.355820E+03 2.989000E+02 3.958229E-04 1.841078E+00 4.416045E-05 4.416045E-02 2.989000E+02 1.197900E+00 
