Wed Jun 12 01:50:20 2024

        Time,      Tsample,     Integral,       Moment,            M,      M(Mass), Tsample(Aver),            H
           s,            K,           Vs,          emu,     emu/cm^3,        emu/g,            K,            T

         6:0          6:0          6:0          6:0          6:0          6:0          6:0          6:0 
1.185801E+02 9.993000E+01 2.143310E-05 9.969111E-02 1.494619E-03 1.494619E+00 9.993000E+01 -1.000000E-04 
1.851899E+02 9.994000E+01 4.759694E-05 2.213861E-01 3.319132E-03 3.319132E+00 9.994000E+01 5.000000E-03 
2.782300E+02 9.999000E+01 7.440910E-05 3.460967E-01 5.188856E-03 5.188856E+00 9.999000E+01 1.000000E-02 
3.452402E+02 9.996000E+01 1.025686E-04 4.770742E-01 7.152536E-03 7.152536E+00 9.996000E+01 1.500000E-02 
4.110601E+02 9.993000E+01 1.313892E-04 6.111263E-01 9.162314E-03 9.162314E+00 9.993000E+01 2.000000E-02 
4.714902E+02 9.993000E+01 1.584382E-04 7.369383E-01 1.104855E-02 1.104855E+01 9.993000E+01 2.500000E-02 
5.299102E+02 9.995000E+01 1.867790E-04 8.687593E-01 1.302488E-02 1.302488E+01 9.995000E+01 3.000000E-02 
5.905298E+02 9.988000E+01 2.146284E-04 9.982942E-01 1.496693E-02 1.496693E+01 9.988000E+01 3.500000E-02 
6.509302E+02 9.994000E+01 2.413759E-04 1.122704E+00 1.683214E-02 1.683214E+01 9.994000E+01 4.000000E-02 
7.003599E+02 9.996000E+01 2.696570E-04 1.254247E+00 1.880430E-02 1.880430E+01 9.996000E+01 4.490000E-02 
7.493701E+02 1.000000E+02 2.950007E-04 1.372127E+00 2.057162E-02 2.057162E+01 1.000000E+02 4.990000E-02 
8.155801E+02 1.000100E+02 4.243579E-04 1.973802E+00 2.959224E-02 2.959224E+01 1.000100E+02 7.490000E-02 
8.773999E+02 9.996000E+01 5.383969E-04 2.504228E+00 3.754465E-02 3.754465E+01 9.996000E+01 9.980000E-02 
9.350103E+02 9.993000E+01 6.394452E-04 2.974231E+00 4.459117E-02 4.459117E+01 9.993000E+01 1.248000E-01 
9.914302E+02 9.993000E+01 7.311982E-04 3.400999E+00 5.098948E-02 5.098948E+01 9.993000E+01 1.498000E-01 
1.045060E+03 1.000100E+02 8.128305E-04 3.780692E+00 5.668204E-02 5.668204E+01 1.000100E+02 1.746000E-01 
1.097870E+03 9.994000E+01 8.812447E-04 4.098905E+00 6.145285E-02 6.145285E+01 9.994000E+01 1.996000E-01 
1.148690E+03 9.993000E+01 9.368116E-04 4.357362E+00 6.532776E-02 6.532776E+01 9.993000E+01 2.246000E-01 
1.198900E+03 9.998000E+01 9.809985E-04 4.562887E+00 6.840910E-02 6.840910E+01 9.998000E+01 2.496000E-01 
1.248120E+03 1.000000E+02 1.032998E-03 4.804751E+00 7.203525E-02 7.203525E+01 1.000000E+02 2.746000E-01 
1.296130E+03 9.998000E+01 1.068597E-03 4.970332E+00 7.451772E-02 7.451772E+01 9.998000E+01 2.994000E-01 
1.359750E+03 1.000000E+02 1.175786E-03 5.468895E+00 8.199244E-02 8.199244E+01 1.000000E+02 4.492000E-01 
1.420560E+03 1.000100E+02 1.230194E-03 5.721961E+00 8.578653E-02 8.578653E+01 1.000100E+02 5.990000E-01 
1.478970E+03 9.998000E+01 1.248795E-03 5.808481E+00 8.708367E-02 8.708367E+01 9.998000E+01 7.486000E-01 
1.535990E+03 1.000000E+02 1.259094E-03 5.856383E+00 8.780184E-02 8.780184E+01 1.000000E+02 8.984000E-01 
1.591800E+03 9.989000E+01 1.269731E-03 5.905857E+00 8.854359E-02 8.854359E+01 9.989000E+01 1.048000E+00 
1.647020E+03 9.997000E+01 1.267330E-03 5.894692E+00 8.837619E-02 8.837619E+01 9.997000E+01 1.197800E+00 
1.706040E+03 1.000300E+02 1.256453E-03 5.844100E+00 8.761770E-02 8.761770E+01 1.000300E+02 1.052200E+00 
1.763050E+03 1.000000E+02 1.258447E-03 5.853375E+00 8.775675E-02 8.775675E+01 1.000000E+02 9.016000E-01 
1.821680E+03 9.994000E+01 1.241632E-03 5.775163E+00 8.658415E-02 8.658415E+01 9.994000E+01 7.513000E-01 
1.881690E+03 9.999000E+01 1.227149E-03 5.707798E+00 8.557419E-02 8.557419E+01 9.999000E+01 6.010000E-01 
1.944310E+03 1.000000E+02 1.186307E-03 5.517831E+00 8.272611E-02 8.272611E+01 1.000000E+02 4.506000E-01 
2.011930E+03 9.994000E+01 1.067400E-03 4.964765E+00 7.443426E-02 7.443426E+01 9.994000E+01 3.004000E-01 
2.059740E+03 9.992000E+01 1.033872E-03 4.808814E+00 7.209617E-02 7.209617E+01 9.992000E+01 2.754000E-01 
2.107760E+03 1.000300E+02 9.944868E-04 4.625625E+00 6.934970E-02 6.934970E+01 1.000300E+02 2.504000E-01 
2.157360E+03 1.000200E+02 9.451513E-04 4.396152E+00 6.590933E-02 6.590933E+01 1.000200E+02 2.253000E-01 
2.208790E+03 1.000600E+02 8.863047E-04 4.122441E+00 6.180571E-02 6.180571E+01 1.000600E+02 2.002000E-01 
2.261000E+03 1.000000E+02 8.194461E-04 3.811464E+00 5.714338E-02 5.714338E+01 1.000000E+02 1.752000E-01 
2.314410E+03 1.000300E+02 7.411350E-04 3.447218E+00 5.168242E-02 5.168242E+01 1.000300E+02 1.502000E-01 
2.369230E+03 9.999000E+01 6.500421E-04 3.023520E+00 4.533014E-02 4.533014E+01 9.999000E+01 1.252000E-01 
2.427660E+03 9.990000E+01 5.512056E-04 2.563805E+00 3.843785E-02 3.843785E+01 9.990000E+01 1.002000E-01 
2.489470E+03 1.000500E+02 4.373174E-04 2.034080E+00 3.049596E-02 3.049596E+01 1.000500E+02 7.500000E-02 
2.551890E+03 1.000400E+02 3.127925E-04 1.454882E+00 2.181232E-02 2.181232E+01 1.000400E+02 5.000000E-02 
2.598300E+03 9.998000E+01 2.856313E-04 1.328548E+00 1.991826E-02 1.991826E+01 9.998000E+01 4.500000E-02 
2.651710E+03 9.999000E+01 2.592253E-04 1.205726E+00 1.807686E-02 1.807686E+01 9.999000E+01 4.000000E-02 
2.704730E+03 9.994000E+01 2.309439E-04 1.074182E+00 1.610468E-02 1.610468E+01 9.994000E+01 3.500000E-02 
2.758940E+03 9.998000E+01 2.030594E-04 9.444837E-01 1.416018E-02 1.416018E+01 9.998000E+01 3.000000E-02 
2.814750E+03 9.997000E+01 1.741299E-04 8.099246E-01 1.214280E-02 1.214280E+01 9.997000E+01 2.500000E-02 
2.878160E+03 1.000400E+02 1.449459E-04 6.741823E-01 1.010768E-02 1.010768E+01 1.000400E+02 2.000000E-02 
2.934780E+03 1.000200E+02 1.151849E-04 5.357557E-01 8.032319E-03 8.032319E+00 1.000200E+02 1.500000E-02 
2.997200E+03 1.000100E+02 8.465364E-05 3.937468E-01 5.903250E-03 5.903250E+00 1.000100E+02 1.000000E-02 
3.073060E+03 9.997000E+01 5.345252E-05 2.486220E-01 3.727466E-03 3.727466E+00 9.997000E+01 5.000000E-03 
3.130490E+03 1.000700E+02 2.179140E-05 1.013576E-01 1.519605E-03 1.519605E+00 1.000700E+02 0.000000E+00 
3.190700E+03 9.995000E+01 -1.015086E-05 -4.721437E-02 -7.078617E-04 -7.078617E-01 9.995000E+01 -5.000000E-03 
3.249920E+03 9.996000E+01 -4.249335E-05 -1.976480E-01 -2.963238E-03 -2.963238E+00 9.996000E+01 -1.000000E-02 
3.310940E+03 9.984000E+01 -7.376655E-05 -3.431080E-01 -5.144048E-03 -5.144048E+00 9.984000E+01 -1.500000E-02 
3.365550E+03 9.996000E+01 -1.055456E-04 -4.909211E-01 -7.360136E-03 -7.360136E+00 9.996000E+01 -2.000000E-02 
3.421380E+03 9.998000E+01 -1.366532E-04 -6.356107E-01 -9.529396E-03 -9.529396E+00 9.998000E+01 -2.500000E-02 
3.476000E+03 9.992000E+01 -1.667044E-04 -7.753867E-01 -1.162499E-02 -1.162499E+01 9.992000E+01 -3.000000E-02 
3.531230E+03 1.000000E+02 -1.963342E-04 -9.132029E-01 -1.369120E-02 -1.369120E+01 1.000000E+02 -3.500000E-02 
3.579050E+03 1.000700E+02 -2.249364E-04 -1.046240E+00 -1.568575E-02 -1.568575E+01 1.000700E+02 -3.990000E-02 
3.626280E+03 9.997000E+01 -2.541419E-04 -1.182082E+00 -1.772237E-02 -1.772237E+01 9.997000E+01 -4.500000E-02 
3.674300E+03 9.999000E+01 -2.815436E-04 -1.309535E+00 -1.963320E-02 -1.963320E+01 9.999000E+01 -5.000000E-02 
3.736530E+03 1.001100E+02 -4.131326E-04 -1.921591E+00 -2.880946E-02 -2.880946E+01 1.001100E+02 -7.500000E-02 
3.793950E+03 1.001200E+02 -5.345040E-04 -2.486121E+00 -3.727318E-02 -3.727318E+01 1.001200E+02 -9.990000E-02 
3.849160E+03 9.987000E+01 -6.359611E-04 -2.958025E+00 -4.434821E-02 -4.434821E+01 9.987000E+01 -1.248000E-01 
3.903390E+03 1.001300E+02 -7.290615E-04 -3.391061E+00 -5.084049E-02 -5.084049E+01 1.001300E+02 -1.498000E-01 
3.955600E+03 9.999000E+01 -8.099308E-04 -3.767205E+00 -5.647984E-02 -5.647984E+01 9.999000E+01 -1.748000E-01 
4.006020E+03 1.000000E+02 -8.782295E-04 -4.084881E+00 -6.124259E-02 -6.124259E+01 1.000000E+02 -1.997000E-01 
4.056460E+03 1.000500E+02 -9.338853E-04 -4.343751E+00 -6.512370E-02 -6.512370E+01 1.000500E+02 -2.246000E-01 
4.104870E+03 9.993000E+01 -9.866539E-04 -4.589192E+00 -6.880348E-02 -6.880348E+01 9.993000E+01 -2.496000E-01 
4.154100E+03 9.994000E+01 -1.032250E-03 -4.801271E+00 -7.198308E-02 -7.198308E+01 9.994000E+01 -2.746000E-01 
4.201110E+03 1.000000E+02 -1.065073E-03 -4.953941E+00 -7.427198E-02 -7.427198E+01 1.000000E+02 -2.996000E-01 
4.263330E+03 9.984000E+01 -1.183907E-03 -5.506669E+00 -8.255875E-02 -8.255875E+01 9.984000E+01 -4.494000E-01 
4.322350E+03 1.000400E+02 -1.226016E-03 -5.702528E+00 -8.549518E-02 -8.549518E+01 1.000400E+02 -5.990000E-01 
4.379370E+03 1.001300E+02 -1.245508E-03 -5.793189E+00 -8.685441E-02 -8.685441E+01 1.001300E+02 -7.488000E-01 
4.434990E+03 1.000200E+02 -1.255470E-03 -5.839528E+00 -8.754914E-02 -8.754914E+01 1.000200E+02 -8.984000E-01 
4.489800E+03 1.001100E+02 -1.266578E-03 -5.891192E+00 -8.832372E-02 -8.832372E+01 1.001100E+02 -1.048000E+00 
4.543820E+03 1.000600E+02 -1.268607E-03 -5.900632E+00 -8.846525E-02 -8.846525E+01 1.000600E+02 -1.197800E+00 
4.602630E+03 1.000400E+02 -1.263012E-03 -5.874607E+00 -8.807507E-02 -8.807507E+01 1.000400E+02 -1.052200E+00 
4.660250E+03 1.001000E+02 -1.259069E-03 -5.856267E+00 -8.780011E-02 -8.780011E+01 1.001000E+02 -9.018000E-01 
4.718470E+03 9.994000E+01 -1.245961E-03 -5.795297E+00 -8.688601E-02 -8.688601E+01 9.994000E+01 -7.513000E-01 
4.778490E+03 9.999000E+01 -1.229177E-03 -5.717233E+00 -8.571564E-02 -8.571564E+01 9.999000E+01 -6.009000E-01 
4.840900E+03 1.006000E+02 -1.184372E-03 -5.508831E+00 -8.259118E-02 -8.259118E+01 1.006000E+02 -4.506000E-01 
4.907510E+03 1.002100E+02 -1.065659E-03 -4.956668E+00 -7.431286E-02 -7.431286E+01 1.002100E+02 -3.004000E-01 
4.955730E+03 9.994000E+01 -1.035391E-03 -4.815880E+00 -7.220211E-02 -7.220211E+01 9.994000E+01 -2.754000E-01 
5.003940E+03 9.994000E+01 -9.927768E-04 -4.617671E+00 -6.923045E-02 -6.923045E+01 9.994000E+01 -2.504000E-01 
5.053750E+03 9.992000E+01 -9.423580E-04 -4.383160E+00 -6.571454E-02 -6.571454E+01 9.992000E+01 -2.253000E-01 
5.104150E+03 1.000600E+02 -8.860319E-04 -4.121172E+00 -6.178668E-02 -6.178668E+01 1.000600E+02 -2.003000E-01 
5.156570E+03 9.990000E+01 -8.182903E-04 -3.806087E+00 -5.706278E-02 -5.706278E+01 9.990000E+01 -1.752000E-01 
5.211180E+03 9.996000E+01 -7.393566E-04 -3.438946E+00 -5.155841E-02 -5.155841E+01 9.996000E+01 -1.502000E-01 
5.265600E+03 1.001300E+02 -6.498554E-04 -3.022652E+00 -4.531712E-02 -4.531712E+01 1.001300E+02 -1.252000E-01 
5.323010E+03 1.001100E+02 -5.488663E-04 -2.552924E+00 -3.827473E-02 -3.827473E+01 1.001100E+02 -1.001000E-01 
5.385430E+03 9.997000E+01 -4.371827E-04 -2.033454E+00 -3.048657E-02 -3.048657E+01 9.997000E+01 -7.500000E-02 
5.447850E+03 9.993000E+01 -3.131911E-04 -1.456736E+00 -2.184012E-02 -2.184012E+01 9.993000E+01 -5.000000E-02 
5.493850E+03 9.939000E+01 -2.862600E-04 -1.331472E+00 -1.996210E-02 -1.996210E+01 9.939000E+01 -4.510000E-02 
5.540680E+03 1.010000E+02 -2.589754E-04 -1.204564E+00 -1.805943E-02 -1.805943E+01 1.010000E+02 -4.000000E-02 
5.593300E+03 1.013000E+02 -2.312094E-04 -1.075417E+00 -1.612319E-02 -1.612319E+01 1.013000E+02 -3.500000E-02 
5.647930E+03 9.954000E+01 -2.029076E-04 -9.437774E-01 -1.414959E-02 -1.414959E+01 9.954000E+01 -3.000000E-02 
5.701150E+03 1.008400E+02 -1.741119E-04 -8.098413E-01 -1.214155E-02 -1.214155E+01 1.008400E+02 -2.500000E-02 
5.755960E+03 1.012100E+02 -1.456372E-04 -6.773977E-01 -1.015589E-02 -1.015589E+01 1.012100E+02 -2.000000E-02 
5.816180E+03 1.001100E+02 -1.153936E-04 -5.367265E-01 -8.046874E-03 -8.046874E+00 1.001100E+02 -1.500000E-02 
5.875600E+03 9.935000E+01 -8.480429E-05 -3.944475E-01 -5.913755E-03 -5.913755E+00 9.935000E+01 -1.000000E-02 
5.948290E+03 9.942000E+01 -5.464301E-05 -2.541593E-01 -3.810484E-03 -3.810484E+00 9.942000E+01 -5.000000E-03 
6.006700E+03 9.967000E+01 -2.269531E-05 -1.055620E-01 -1.582638E-03 -1.582638E+00 9.967000E+01 0.000000E+00 
6.067710E+03 9.968000E+01 9.494091E-06 4.415956E-02 6.620624E-04 6.620624E-01 9.968000E+01 5.000000E-03 
6.126920E+03 1.000500E+02 4.180279E-05 1.944360E-01 2.915082E-03 2.915082E+00 1.000500E+02 1.000000E-02 
6.184750E+03 1.000100E+02 7.371680E-05 3.428766E-01 5.140579E-03 5.140579E+00 1.000100E+02 1.500000E-02 
6.248180E+03 9.994000E+01 1.047292E-04 4.871238E-01 7.303205E-03 7.303205E+00 9.994000E+01 2.000000E-02 
6.302190E+03 9.999000E+01 1.354568E-04 6.300457E-01 9.445962E-03 9.445962E+00 9.999000E+01 2.500000E-02 
6.358000E+03 1.000700E+02 1.671055E-04 7.772527E-01 1.165296E-02 1.165296E+01 1.000700E+02 3.000000E-02 
6.412400E+03 9.991000E+01 1.960216E-04 9.117491E-01 1.366940E-02 1.366940E+01 9.991000E+01 3.500000E-02 
6.468030E+03 9.997000E+01 2.253343E-04 1.048090E+00 1.571350E-02 1.571350E+01 9.997000E+01 4.000000E-02 
6.515850E+03 9.995000E+01 2.536374E-04 1.179735E+00 1.768719E-02 1.768719E+01 9.995000E+01 4.500000E-02 
6.563080E+03 9.964000E+01 2.816431E-04 1.309997E+00 1.964014E-02 1.964014E+01 9.964000E+01 4.990000E-02 
6.625690E+03 9.988000E+01 4.134728E-04 1.923173E+00 2.883318E-02 2.883318E+01 9.988000E+01 7.500000E-02 
6.684730E+03 1.000700E+02 5.331256E-04 2.479710E+00 3.717706E-02 3.717706E+01 1.000700E+02 9.980000E-02 
6.739950E+03 9.900000E+01 6.340972E-04 2.949356E+00 4.421823E-02 4.421823E+01 9.900000E+01 1.248000E-01 
6.794370E+03 9.987000E+01 7.269467E-04 3.381224E+00 5.069301E-02 5.069301E+01 9.987000E+01 1.498000E-01 
6.846990E+03 1.000200E+02 8.099313E-04 3.767207E+00 5.647987E-02 5.647987E+01 1.000200E+02 1.748000E-01 
6.899200E+03 9.959000E+01 8.795844E-04 4.091183E+00 6.133707E-02 6.133707E+01 9.959000E+01 1.998000E-01 
6.949840E+03 1.001800E+02 9.402238E-04 4.373233E+00 6.556571E-02 6.556571E+01 1.001800E+02 2.247000E-01 
6.998650E+03 1.000900E+02 9.904853E-04 4.607013E+00 6.907066E-02 6.907066E+01 1.000900E+02 2.496000E-01 
7.046870E+03 1.001800E+02 1.031317E-03 4.796932E+00 7.191803E-02 7.191803E+01 1.001800E+02 2.746000E-01 
7.094680E+03 9.996000E+01 1.064836E-03 4.952839E+00 7.425546E-02 7.425546E+01 9.996000E+01 2.996000E-01 
7.157100E+03 9.887000E+01 1.180976E-03 5.493037E+00 8.235438E-02 8.235438E+01 9.887000E+01 4.494000E-01 
7.216310E+03 1.002200E+02 1.229152E-03 5.717113E+00 8.571384E-02 8.571384E+01 1.002200E+02 5.992000E-01 
7.273530E+03 9.927000E+01 1.249460E-03 5.811571E+00 8.713000E-02 8.713000E+01 9.927000E+01 7.488000E-01 
7.328540E+03 1.006000E+02 1.250391E-03 5.815904E+00 8.719496E-02 8.719496E+01 1.006000E+02 8.985000E-01 
7.382960E+03 1.005800E+02 1.264887E-03 5.883327E+00 8.820580E-02 8.820580E+01 1.005800E+02 1.048100E+00 
7.437180E+03 1.001600E+02 1.264242E-03 5.880327E+00 8.816082E-02 8.816082E+01 1.001600E+02 1.197800E+00 
